44619
804279
31105
85102
287220
11274
91654
323976
133220
86082
1642770
21098
342164
485472
34912
196773
579311
219209
76177
201079
38167
90427
79329
243407
19261
434563
136299
67291
1249385
5633
36996
195610
236492
15169
3319
57595
101843
60819
292113
216332
158144
33346
189975
302841
50207
94882
138100
69316
18389
83597
18027
19191
52597
131353
66014
78250
125490
125583
154865
1063
35364
25192
25952
32052
114498
13420
52826
15608
1440
87169
40117
370839
54838
433970
62590
27748
298366
20842
30727
176913
171921
322470
120566
287030
30267
11543
43431
204054
234098
243692
92478
327398
548916
61003
762699
431837
2504
111212
74506
312704
394
146378
102974
36558
161934
12846
129736
236480
153770
56086
57994
109814
164442
314484
80951
244873
7269
8134
171746
229836
57788
22376
57244
149875
264867
77963
45253
299247
132403
6078
30988
273784
3471
61209
161413
43472
15588
84640
12163
7275
20577
93476
164658
30308
17040
27772
352334
107549
4871
17687